r: [2, 5, 10, 20, 30, 40, 49]
Temps d'exécution : [0.7052702000000001 0.588416 0.81160045 6.115e-5; 0.0061724 0.00047455 0.0003143 0.00019595; 0.0072502999999999995 0.00116145 0.00047789999999999996 0.0001837; 0.1767724 0.0070842000000000006 0.00261255 0.00044435; 0.7236414 0.0156962 0.00667005 0.0013; 1.95778035 0.0227908 0.0098108 0.00328545; 3.6260079999999997 0.03384125 0.01582215 0.00474475] secondes
Erreur : [0.006088271737438435 0.007346045857830466 0.005996252597264314 0.19111999352104855; 0.007240180713577012 0.007285894215618736 0.006055533755612444 2.6107968734245253; 0.006997044155060004 0.007356295929963605 0.005797766767120991 8.080036965977943; 0.005907077309287429 0.006455690029258785 0.0047867607221080705 20.492026419138575; 0.00516756356782129 0.005354093974806875 0.004121478781701439 20.30295221411381; 0.005023265345445706 0.005352457027283734 0.00392835881201209 28.631248473469714; 0.005204777178827412 0.005431439889668731 0.004032524404084608 37.43427810940956]