r: [2, 5, 10, 20, 30, 40, 50]
Temps d'exécution : [0.08161161600000001 0.05129442599999998 0.108585408 8.3232e-5; 0.002509318 0.0008225020000000001 0.000475362 0.00022136199999999988; 0.020803578000000003 0.0022472480000000003 0.0009668499999999999 0.00029104999999999995; 0.46263276999999986 0.01388017 0.007944455999999999 0.0013752359999999993; 1.5061590199999997 0.021647918000000002 0.013758923999999999 0.00272835; 4.8894897020000005 0.03829736 0.020851721999999996 0.004939158; 14.843196888000001 0.061044568000000014 0.026496396 0.009245488000000001] secondes
Erreur : [0.007598951131833298 0.007683753600112974 0.007236937710089427 0.7539740236515746; 0.007106907481589252 0.007564172113534571 0.006224689476828847 4.056384693565131; 0.006211026118517753 0.006576890911069871 0.005142287169813959 7.772695874814672; 0.005473791697347772 0.005885629414343772 0.004410594073112014 15.724336597402225; 0.0051550802404634055 0.005521143654314842 0.0040896534925300865 22.734652742396182; 0.005036478472340032 0.005388890386445515 0.003962004041501045 30.052324050216644; 0.004901046227034626 0.005238623606914654 0.0038537972099002855 38.55706162796601]